structure(list(instant = 1:6,
               dteday = c("01/01/2011", "01/01/2011", "01/01/2011",
                          "01/01/2011", "01/01/2011", "01/01/2011"),
               season = c(1L, 1L, 1L, 1L, 1L, 1L),
               yr = c(0L, 0L, 0L, 0L, 0L, 0L),
               mnth = c(1L, 1L, 1L, 1L, 1L, 1L),
               hr = 0:5,
               holiday = c(0L, 0L, 0L, 0L, 0L, 0L),
               weekday = c(6L, 6L, 6L, 6L, 6L, 6L),
               workingday = c(0L, 0L, 0L, 0L, 0L, 0L),
               weathersit = c(1L, 1L, 1L, 1L, 1L, 2L),
               temp = c(0.24, 0.22, 0.22, 0.24, 0.24, 0.24),
               atemp = c(0.2879, 0.2727, 0.2727, 0.2879, 0.2879, 0.2576),
               hum = c(0.81, 0.8, 0.8, 0.75, 0.75, 0.75),
               windspeed = c(0, 0, 0, 0, 0, 0.0896),
               casual = c(3L, 8L, 5L, 3L, 0L, 0L),
               registered = c(13L, 32L, 27L, 10L, 1L, 1L),
               cnt = c(16L, 40L, 32L, 13L, 1L, 1L)),
          row.names = c(NA, 6L),
          class = "data.frame")
